1313,2
1318,52
1318,51
1318,50
1318,49
1318,48
1318,47
1318,46
1318,45
1318,44
1318,43
1318,42
1318,41
1318,40
1318,39
1318,38
1318,37
1318,36
1318,35
0,273
0,270
10,95
10,245
10,135
10,263
10,243
10,173
10,239
10,2
10,3
11,19
11,14
8,12
8,18
8,15
8,17
8,6
1313,3
1313,1
1312,3
1312,1
1311,4
1311,3
1311,1
1310,4
1310,3
1310,1
1309,3
1309,1
1308,3
1308,1
1307,4
1307,1
1303,4
1303,3
1303,1
1300,4
1300,1
1297,3
1297,1
1296,4
1296,3
1296,1
1294,4
1294,3
1294,1
1293,4
1293,1
1292,4
1292,3
1292,1
317,3
317,1
20,3
20,2
20,1
19,3
19,2
19,1
12,3
12,2
12,1
11,30
11,29
11,28
11,27
11,26
11,25
11,24
11,23
11,22
11,18
11,17
11,16
11,13
11,12
11,11
11,10
11,9
11,8
11,7
11,6
11,3
11,2
11,1
10,301
10,292
10,287
10,273
10,257
10,247
18,1
10,197
18,3
10,189
10,177
10,175
10,159
